float save_offs[]=
{
	0.792792,-3.415323,4.460046,	//afootb.MPB
	10.412617,0.013513,5.896592,	//afootc.MPB
	10.179151,0.954479,23.345467,	//abodyb.MPB
	5.473053,0.185101,15.178859,	//abodyc.MPB
	4.977218,1.376756,30.328819,	//aheadb.MPB
	4.046795,-1.171886,29.191742,	//aheadc.MPB
	-1.827995,1.182786,34.863663,	//ajumpb.MPB
	7.695276,0.981240,32.908508,	//ajumpc.MPB

// Flipped...
	1.585696,7.910822,2.492109,	//bfootb.MPB
	1.585696,-7.910822,2.492109,	//bfootb.MPB
	9.314602,5.843731,6.800747,	//bfootc.MPB
	9.314602,-5.843731,6.800747,	//bfootc.MPB
	7.654341,9.052559,16.105873,	//bbodyb.MPB
	7.654341,-9.052559,16.105873,	//bbodyb.MPB
	10.106210,7.734247,18.878811,	//bbodyc.MPB
	10.106210,-7.734247,18.878811,	//bbodyc.MPB
	3.217083,11.523287,29.019604,	//bheadb.MPB
	3.217083,-11.523287,29.019604,	//bheadb.MPB
	5.288717,10.796991,27.998257,	//bheadc.MPB
	5.288717,-10.796991,27.998257,	//bheadc.MPB
	3.689806,7.220992,31.509335,	//bjumpb.MPB
	3.689806,-7.220992,31.509335,	//bjumpb.MPB
	8.960661,8.631908,8.445148,	//cfootb.MPB
	8.960661,-8.631908,8.445148,	//cfootb.MPB
	9.534700,9.545010,8.375547,	//cfootc.MPB
	9.534700,-9.545010,8.375547,	//cfootc.MPB
	8.264200,10.016051,17.268581,	//cbodyb.MPB
	8.264200,-10.016051,17.268581,	//cbodyb.MPB
	8.817926,12.401363,20.565212,	//cbodyc.MPB
	8.817926,-12.401363,20.565212,	//cbodyc.MPB
	4.057149,14.767641,26.370729,	//cheadb.MPB
	4.057149,-14.767641,26.370729,	//cheadb.MPB
	2.123538,12.380931,32.493004,	//cjumpb.MPB
	2.123538,-12.380931,32.493004,	//cjumpb.MPB
	7.677350,-5.510811,1.965086,	//shoot1.MPB
	7.677350,5.510811,1.965086,	//shoot1.MPB
	8.828758,-2.640486,2.961315,	//chip1.MPB
	8.828758,2.640486,2.961315,	//chip1.MPB
	8.667006,-5.678874,2.142646,	//spass1.MPB
	8.667006,5.678874,2.142646,	//spass1.MPB
	9.878889,-1.437991,1.964694,	//cross1.MPB
	9.878889,1.437991,1.964694,	//cross1.MPB
	13.271368,-3.138826,13.085938,	//volley.MPB
	13.271368,3.138826,13.085938,	//volley.MPB
	9.584491,-4.466609,1.929534,	//toe2.MPB
	9.584491,4.466609,1.929534,	//toe2.MPB
	7.760323,-3.827832,2.160498,	//diagpass.MPB
	7.760323,3.827832,2.160498,	//diagpass.MPB
	3.664813,-1.883741,2.044524,	//diagback.MPB
	3.664813,1.883741,2.044524,	//diagback.MPB
	9.766722,1.172884,1.927955,	//sidepass.MPB
	9.766722,-1.172884,1.927955,	//sidepass.MPB
	3.847510,-2.464164,1.998372,	//backheel.MPB
	3.847510,2.464164,1.998372,	//backheel.MPB
	6.903132,-2.462888,1.691664,	//trap.MPB
	6.903132,2.462888,1.691664,	//trap.MPB
	0.000000,0.000000,0.000000,	//svtostb.MPB
	0.000000,0.000000,0.000000,	//svtostb.MPB
	0.000000,0.000000,0.000000,	//svtostd.MPB
	0.000000,0.000000,0.000000,	//svtostd.MPB
	0.000000,0.000000,0.000000,	//ride4.MPB
	0.000000,0.000000,0.000000,	//ride4.MPB
	0.000000,0.000000,0.000000,	//socks2.MPB
	0.000000,0.000000,0.000000,	//socks2.MPB
	0.000000,0.000000,0.000000,	//trotb.MPB
	0.000000,0.000000,0.000000,	//trotb.MPB
	0.000000,0.000000,0.000000,	//trotg.MPB
	0.000000,0.000000,0.000000,	//trotg.MPB
	0.000000,0.000000,0.000000,	//trotd1.MPB
	0.000000,0.000000,0.000000,	//trotd1.MPB

	0.000000,0.000000,0.000000,	//trota.MPB
	0.000000,0.000000,0.000000,	//trote.MPB
	0.000000,0.000000,0.000000,	//run2.MPB
	0.000000,0.000000,0.000000,	//jog1.MPB
	0.000000,0.000000,0.000000,	//barge.MPB
	0.000000,0.000000,0.000000,	//throww.MPB
	0.000000,0.000000,0.000000,	//shamew.MPB
	0.000000,0.000000,0.000000,	//lie1.MPB
	0.000000,0.000000,0.000000,	//stand1.MPB
	8.369157,0.614377,23.665138,	//sheader.MPB
	8.052814,-0.145103,22.647045,	//jheader.MPB
	6.679994,0.140639,22.127617,	//hdown1.MPB
	3.599431,0.715795,23.522486,	//headup.MPB
	12.567486,-0.493863,13.269060,	//dheader.MPB
	2.889421,0.859019,18.422264,	//chest1.MPB
	0.000000,0.000000,0.000000,	//stackle.MPB
	10.741089,-1.196663,1.863798,	//steal2.MPB
	15.815465,1.015215,20.530237,	//overhead.MPB
	3.129847,-0.603875,21.971846,	//throwl.MPB
	1.907226,0.148950,22.795662,	//throws.MPB
	0.000000,0.000000,0.000000,	//fallr.MPB
	0.000000,0.000000,0.000000,	//falls.MPB
	0.000000,0.000000,0.000000,	//celeb.MPB
	0.000000,0.000000,0.000000,	//shame1.MPB
	0.000000,0.000000,0.000000,	//getup.MPB
	0.000000,0.000000,0.000000,	//getupf.MPB
	5.014465,2.103544,18.049706,	//standb.MPB
	8.645859,-0.224465,21.904964,	//bounce.MPB
	19.343317,-12.373297,4.702394,	//kickout.MPB
	24.760754,-8.534338,2.217421,	//halfvoll.MPB
	6.027173,-7.131643,28.879366,	//throw.MPB
	7.275028,-4.776251,2.700837,	//roll.MPB
	6.258947,-0.143874,17.112856,	//runwithb.MPB
	6.654896,1.815070,18.626884,	//waveup.MPB
	0.000000,0.000000,0.000000,	//penalty.MPB
	0.000000,0.000000,0.000000,	//plead.MPB
	0.000000,0.000000,0.000000,	//crtostb.MPB
	0.000000,0.000000,0.000000,	//pickball.MPB

};
